100000001
100000002
100000004
100000007
100000008
100000009
100000011
100000631
100000632
100000638
100000642
100000646
100000651
100000655
100000660
100000662
100000664
100000667
100000668
100000669
100000670
100000675
100000681
100000682
100000687
100000691
100000693
100000701
100000703
100000705
100000709
100000711
100000712
100000714
100000719
100000721
100000724
100000726
100000727
100000733
100000737
100000741
100000743
100000748
100000749
100000750
100000754
100000755
100000756
100000757
100000758
100000760
100000761
100000762
100000764
100000766
100000767
100000768
100000769
100000770
100000772
100000777
100000782
100000786
100000787
100000788
100000795
100000796
100000797
100000799
100000801
100000806
100000808
100000810
100000813
100000816
100000818
100000819
100000820
100000821
100000822
100000823
100000827
100000838
100000839
100000840
100000841
100000843
100000851
100000852
100000853
100000860
100000861
100000866
100000868
100000870
100000872
100000874
100000877
100000879
100000880
100000882
100000883
100000884
100000886
100000887
100000888
100000891
100000895
100000896
100000897
100000899
100000900
100000901
100000902
100000906
100000911
100000915
100000916
100000917
100000918
100000921
100000922
100000923
100000926
100000930
100000932
100000933
100000935
100000936
100000937
100000940
100000941
100000943
100000944
100000947
100000955
100000956
100000960
100000962
100000963
100000964
100000969
100000973
100000974
100000976
100000977
100000979
100000980
100000982
100000985
100000986
100000987
100000988
100000990
100000992
100000993
100000994
100000995
100000997
100001003
100001007
100001008
100001009
100001012
100001015
100001016
100001020
100001023
100001024
100001025
100001026
100001028
100001030
100001031
100001033
100001034
100001037
100001038
100001042
100001047
100001052
100001053
100001057
100001063
100001064
100001068
100001069
100001078
100001079
100001080
100001081
100001084
100001086
100001088
100001089
100001094
100001096
100001098
100001113
100001114
100001118
100001122
100001124
100001129
100001131
100001132
100001135
100001136
100001138
100001146
100001150
100001154
100001155
100001159
100001163
100001165
100001167
100001168
100001169
100001170
100001173
100001174
100001182
100001183
100001184
100001187
100001189
100001190
100001191
100001192
100001193
100001194
100001195
100001196
100001197
100001199
100001200
100001201
100001207
100001210
100001213
100001216
100001217
100001218
100001222
100001224
100001225
100001229
100001230
100001231
100001233
100001234
100001235
100001238
100001239
100001240
100001242
100001246
100001247
100001250
100001251
100001256
100001259
100001260
100001261
100001262
100001263
100001267
100001271
100001273
100001275
100001276
100001277
100001278
100001279
100001281
100001283
100001284
100001285
100001287
100001289
100001290
100001291
100001292
100001293
100001295
100001296
100001298
100001300
100001302
100001303
100001307
100001310
100001314
100001318
100001319
100001320
100001321
100001327
100001328
100001329
100001330
100001335
100001338
100001341
100001344
100001346
100001348
100001350
100001351
100001352
100001354
100001355
100001357
100001360
100001363
100001364
100001365
100001367
100001368
100001370
100001371
100001372
100001374
100001378
100001382
100001383
100001386
100001388
100001390
100001393
100001395
100001397
100001398
100001401
100001403
100001404
100001405
100001408
100001411
100001418
100001419
100001420
100001421
100001425
100001426
100001432
100001434
100001435
100001436
100001437
100001446
100001447
100001450
100001451
100001460
100001462
100001463
100001464
100001466
100001470
100001473
100001474
100001485
100001489
100001493
100001498
100001506
100001508
100001510
100001511
100001521
100001523
100001524
100001526
100001535
100001539
100001546
100001547
100001551
100001553
100001556
100001557
100001558
100001559
100001563
100001564
100001566
100001569
100001571
100001575
100001576
100001578
100001579
100001580
100001585
100001586
100001587
100001593
100001598
100001603
100001605
100001606
100001607
100001611
100001614
100001617
100001619
100001620
100001621
100001624
100001625
100001626
100001627
100001629
100001630
100001631
100001634
100001637
100001641
100001643
100001647
100001650
100001651
100001653
100001655
100001656
100001661
100001665
100001666
100001670
100001671
100001676
100001677
100001680
